>> leach_v2
round :1
packetLen:180, data: 
round_sensing_data =

   166    71   104   142   132    87    92   107   112   130   132    91    32    17   138    15    75    81    46    60

round :1
packetLen:180, data: 
round_sensing_data =

   166    71   103   142   132    88    92   106   113   130   132    89    31    17   139    15    75    81    47    60

round :1
packetLen:180, data: 
round_sensing_data =

   167    71   102   142   132    89    93   105   113   129   129    90    31    17   139    15    75    81    47    60

round :1
packetLen:180, data: 
round_sensing_data =

   167    71   103   142   132    88    92   105   114   129   126    91    30    17   139    14    75    81    47    60

round :1
packetLen:180, data: 
round_sensing_data =

   167    71   103   142   133    87    92   105   114   129   127    91    30    16   138    14    76    81    47    60

round :1
packetLen:180, data: 
round_sensing_data =

   167    71   104   142   133    86    95   105   114   129   122    91    31    17   137    14    75    81    47    60

round :1
packetLen:180, data: 
round_sensing_data =

   167    71   104   142   133    85    97   107   116   129   121    89    30    17   136    13    75    82    47    60

round :1
packetLen:180, data: 
round_sensing_data =

   167    72   103   142   133    87    98   108   116   128   122    90    30    18   136    13    75    83    47    60

round :1
packetLen:180, data: 
round_sensing_data =

   166    71   103   142   132    89   101   108   113   129   123    90    30    18   136    12    74    84    47    60

round :1
packetLen:180, data: 
round_sensing_data =

   166    71   104   142   133    89   103   108   112   129   121    89    31    17   136    11    75    85    46    61

round :1
packetLen:180, data: 
round_sensing_data =

   166    71   104   142   133    89   108   109   111   129   120    90    31    17   136    11    75    86    46    60

round :1
packetLen:180, data: 
round_sensing_data =

   166    71   103   142   133    89   110   107   110   129   122    91    31    17   135    10    72    88    46    60

round :1
packetLen:180, data: 
round_sensing_data =

   166    72   103   142   133    88   113   107   110   128   123    90    31    17   135    10    73    88    46    60

round :1
packetLen:180, data: 
round_sensing_data =

   165    72   102   142   132    87   115   107   108   128   122    87    31    16   136    10    74    87    46    60

round :1
packetLen:180, data: 
round_sensing_data =

   165    72   101   142   132    88   114   107    98   127   123    85    31    17   136    10    74    86    46    60

round :1
packetLen:180, data: 
round_sensing_data =

   165    72   101   142   132    91   106   108    98   127   127    85    30    18   136    10    74    84    46    60

round :1
packetLen:180, data: 
round_sensing_data =

   165    72   100   142   132    92   103   109    99   127   131    87    30    19   136    10    73    81    46    60

round :1
packetLen:180, data: 
round_sensing_data =

   166    71    99   142   132    91   101   108    88   126   129    90    29    19   136    10    73    78    46    60

round :1
packetLen:180, data: 
round_sensing_data =

   166    71    99   141   133    88   100   107    82   126   127    93    28    18   135    10    73    76    47    60

round :1
packetLen:180, data: 
round_sensing_data =

   166    71    98   141   133    88   100   106    80   126   125    92    28    19   136    10    74    75    48    60

round :2
packetLen:119, data: 
round_sensing_data =

    21   -74   -41    -3   -13   -58   -53   -38   -33   -15   -13   -54  -113  -128    -7  -130   -70   -64   -99   -85

round :2
packetLen:119, data: 
round_sensing_data =

    18   -77   -45    -6   -16   -60   -56   -42   -35   -18   -16   -59  -117  -131    -9  -133   -73   -67  -101   -88

round :2
packetLen:119, data: 
round_sensing_data =

    18   -78   -47    -7   -17   -60   -56   -44   -36   -20   -20   -59  -118  -132   -10  -134   -74   -68  -102   -89

round :2
packetLen:119, data: 
round_sensing_data =

    17   -79   -47    -8   -18   -62   -58   -45   -36   -21   -24   -59  -120  -133   -11  -136   -75   -69  -103   -90

round :2
packetLen:119, data: 
round_sensing_data =

    21   -75   -43    -4   -13   -59   -54   -41   -32   -17   -19   -55  -116  -130    -8  -132   -70   -65   -99   -86

round :2
packetLen:119, data: 
round_sensing_data =

    22   -74   -41    -3   -12   -59   -50   -40   -31   -16   -23   -54  -114  -128    -8  -131   -70   -64   -98   -85

round :2
packetLen:119, data: 
round_sensing_data =

    22   -74   -41    -3   -12   -60   -48   -38   -29   -16   -24   -56  -115  -128    -9  -132   -70   -63   -98   -85

round :2
packetLen:119, data: 
round_sensing_data =

    23   -72   -41    -2   -11   -57   -46   -36   -28   -16   -22   -54  -114  -126    -8  -131   -69   -61   -97   -84

round :2
packetLen:119, data: 
round_sensing_data =

    24   -71   -39     0   -10   -53   -41   -34   -29   -13   -19   -52  -112  -124    -6  -130   -68   -58   -95   -82

round :2
packetLen:133, data: 
round_sensing_data =

    25   -70   -37     1    -8   -52   -38   -33   -29   -12   -20   -52  -110  -124    -5  -130   -66   -56   -95   -80

round :2
packetLen:133, data: 
round_sensing_data =

    26   -69   -36     2    -7   -51   -32   -31   -29   -11   -20   -50  -109  -123    -4  -129   -65   -54   -94   -80

round :2
packetLen:119, data: 
round_sensing_data =

    24   -71   -39     0    -9   -53   -32   -35   -32   -13   -20   -51  -111  -125    -7  -132   -70   -54   -96   -82

round :2
packetLen:119, data: 
round_sensing_data =

    21   -73   -42    -3   -12   -57   -32   -38   -35   -17   -22   -55  -114  -128   -10  -135   -72   -57   -99   -85

round :2
packetLen:119, data: 
round_sensing_data =

    21   -72   -42    -2   -12   -57   -29   -37   -36   -16   -22   -57  -113  -128    -8  -134   -70   -57   -98   -84

round :2
packetLen:119, data: 
round_sensing_data =

    23   -70   -41     0   -10   -54   -28   -35   -44   -15   -19   -57  -111  -125    -6  -132   -68   -56   -96   -82

round :2
packetLen:133, data: 
round_sensing_data =

    24   -69   -40     1    -9   -50   -35   -33   -43   -14   -14   -56  -111  -123    -5  -131   -67   -57   -95   -81

round :2
packetLen:133, data: 
round_sensing_data =

    25   -68   -40     2    -8   -48   -37   -31   -41   -13    -9   -53  -110  -121    -4  -130   -67   -59   -94   -80

round :2
packetLen:133, data: 
round_sensing_data =

    26   -69   -41     2    -8   -49   -39   -32   -52   -14   -11   -50  -111  -121    -4  -130   -67   -62   -94   -80

round :2
packetLen:133, data: 
round_sensing_data =

    26   -69   -41     1    -7   -52   -40   -33   -58   -14   -13   -47  -112  -122    -5  -130   -67   -64   -93   -80

round :2
packetLen:133, data: 
round_sensing_data =

    27   -68   -41     2    -6   -51   -39   -33   -59   -13   -14   -47  -111  -120    -3  -129   -65   -64   -91   -79

round :3
packetLen:180, data: 
round_sensing_data =

    21   -74   -41    -3   -13   -58   -53   -38   -33   -15   -13   -54  -113  -128    -7  -130   -70   -64   -99   -85

round :3
packetLen:180, data: 
round_sensing_data =

    18   -77   -45    -6   -16   -60   -56   -42   -35   -18   -16   -59  -117  -131    -9  -133   -73   -67  -101   -88

round :3
packetLen:180, data: 
round_sensing_data =

    18   -78   -47    -7   -17   -60   -56   -44   -36   -20   -20   -59  -118  -132   -10  -134   -74   -68  -102   -89

round :3
packetLen:180, data: 
round_sensing_data =

    17   -79   -47    -8   -18   -62   -58   -45   -36   -21   -24   -59  -120  -133   -11  -136   -75   -69  -103   -90

round :3
packetLen:180, data: 
round_sensing_data =

    21   -75   -43    -4   -13   -59   -54   -41   -32   -17   -19   -55  -116  -130    -8  -132   -70   -65   -99   -86

round :3
packetLen:180, data: 
