>> leach_v2
round :1
packetLen:189, data: 
round_sensing_data =

  Columns 1 through 18

   114   166    71   104   142   132    87    92   107   112   130   132    91   138    75    81    46    60

  Columns 19 through 21

   145    81    62

round :1
packetLen:189, data: 
round_sensing_data =

  Columns 1 through 18

   115   166    71   103   142   132    88    92   106   113   130   132    89   139    75    81    47    60

  Columns 19 through 21

   148    81    60

round :1
packetLen:189, data: 
round_sensing_data =

  Columns 1 through 18

   114   167    71   102   142   132    89    93   105   113   129   129    90   139    75    81    47    60

  Columns 19 through 21

   149    81    59

round :1
packetLen:189, data: 
round_sensing_data =

  Columns 1 through 18

   114   167    71   103   142   132    88    92   105   114   129   126    91   139    75    81    47    60

  Columns 19 through 21

   150    82    60

round :1
packetLen:189, data: 
round_sensing_data =

  Columns 1 through 18

   113   167    71   103   142   133    87    92   105   114   129   127    91   138    76    81    47    60

  Columns 19 through 21

   146    81    60

round :1
packetLen:189, data: 
round_sensing_data =

  Columns 1 through 18

   114   167    71   104   142   133    86    95   105   114   129   122    91   137    75    81    47    60

  Columns 19 through 21

   145    81    61

round :1
packetLen:189, data: 
round_sensing_data =

  Columns 1 through 18

   113   167    71   104   142   133    85    97   107   116   129   121    89   136    75    82    47    60

  Columns 19 through 21

   145    81    62

round :1
packetLen:189, data: 
round_sensing_data =

  Columns 1 through 18

   113   167    72   103   142   133    87    98   108   116   128   122    90   136    75    83    47    60

  Columns 19 through 21

   144    82    62

round :1
packetLen:189, data: 
round_sensing_data =

  Columns 1 through 18

   114   166    71   103   142   132    89   101   108   113   129   123    90   136    74    84    47    60

  Columns 19 through 21

   142    82    62

round :1
packetLen:189, data: 
round_sensing_data =

  Columns 1 through 18

   113   166    71   104   142   133    89   103   108   112   129   121    89   136    75    85    46    61

  Columns 19 through 21

   141    82    62

round :1
packetLen:189, data: 
round_sensing_data =

  Columns 1 through 18

   113   166    71   104   142   133    89   108   109   111   129   120    90   136    75    86    46    60

  Columns 19 through 21

   140    81    63

round :1
packetLen:189, data: 
round_sensing_data =

  Columns 1 through 18

   112   166    71   103   142   133    89   110   107   110   129   122    91   135    72    88    46    60

  Columns 19 through 21

   142    82    64

round :1
packetLen:189, data: 
round_sensing_data =

  Columns 1 through 18

   113   166    72   103   142   133    88   113   107   110   128   123    90   135    73    88    46    60

  Columns 19 through 21

   145    81    64

round :1
packetLen:189, data: 
round_sensing_data =

  Columns 1 through 18

   113   165    72   102   142   132    87   115   107   108   128   122    87   136    74    87    46    60

  Columns 19 through 21

   144    81    65

round :1
packetLen:189, data: 
round_sensing_data =

  Columns 1 through 18

   111   165    72   101   142   132    88   114   107    98   127   123    85   136    74    86    46    60

  Columns 19 through 21

   142    81    65

round :1
packetLen:189, data: 
round_sensing_data =

  Columns 1 through 18

   110   165    72   101   142   132    91   106   108    98   127   127    85   136    74    84    46    60

  Columns 19 through 21

   141    81    63

round :1
packetLen:189, data: 
round_sensing_data =

  Columns 1 through 18

   110   165    72   100   142   132    92   103   109    99   127   131    87   136    73    81    46    60

  Columns 19 through 21

   140    81    62

round :1
packetLen:189, data: 
round_sensing_data =

  Columns 1 through 18

   111   166    71    99   142   132    91   101   108    88   126   129    90   136    73    78    46    60

  Columns 19 through 21

   140    81    61

round :1
packetLen:189, data: 
round_sensing_data =

  Columns 1 through 18

   112   166    71    99   141   133    88   100   107    82   126   127    93   135    73    76    47    60

  Columns 19 through 21

   140    81    61

round :1
packetLen:189, data: 
round_sensing_data =

  Columns 1 through 18

   112   166    71    98   141   133    88   100   106    80   126   125    92   136    74    75    48    60

  Columns 19 through 21

   139    81    61

round :2
packetLen:70, data: 
round_sensing_data =

  Columns 1 through 18

   114    52   -43   -10    28    18   -27   -22    -7    -2    16    18   -23    24   -39   -33   -68   -54

  Columns 19 through 21

    31   -33   -52

round :2
packetLen:70, data: 
round_sensing_data =

  Columns 1 through 18

   115    51   -44   -12    27    17   -27   -23    -9    -2    15    17   -26    24   -40   -34   -68   -55

  Columns 19 through 21

    33   -34   -55

round :2
packetLen:75, data: 
round_sensing_data =

  Columns 1 through 18

   114    53   -43   -12    28    18   -25   -21    -9    -1    15    15   -24    25   -39   -33   -67   -54

  Columns 19 through 21

    35   -33   -55

round :2
packetLen:75, data: 
round_sensing_data =

  Columns 1 through 18

   114    53   -43   -11    28    18   -26   -22    -9     0    15    12   -23    25   -39   -33   -67   -54

  Columns 19 through 21

    36   -32   -54

round :2
packetLen:80, data: 
round_sensing_data =

  Columns 1 through 18

   113    54   -42   -10    29    20   -26   -21    -8     1    16    14   -22    25   -37   -32   -66   -53

  Columns 19 through 21

    33   -32   -53

round :2
packetLen:75, data: 
round_sensing_data =

  Columns 1 through 18

   114    53   -43   -10    28    19   -28   -19    -9     0    15     8   -23    23   -39   -33   -67   -54

  Columns 19 through 21

    31   -33   -53

round :2
packetLen:80, data: 
round_sensing_data =

  Columns 1 through 18

   113    54   -42    -9    29    20   -28   -16    -6     3    16     8   -24    23   -38   -31   -66   -53

  Columns 19 through 21

    32   -32   -51

round :2
packetLen:80, data: 
round_sensing_data =

  Columns 1 through 18

   113    54   -41   -10    29    20   -26   -15    -5     3    15     9   -23    23   -38   -30   -66   -53

  Columns 19 through 21

    31   -31   -51

round :2
packetLen:75, data: 
round_sensing_data =

  Columns 1 through 18

   114    52   -43   -11    28    18   -25   -13    -6    -1    15     9   -24    22   -40   -30   -67   -54

  Columns 19 through 21

    28   -32   -52

round :2
packetLen:75, data: 
round_sensing_data =

  Columns 1 through 18

   113    53   -42    -9    29    20   -24   -10    -5    -1    16     8   -24    23   -38   -28   -67   -52

  Columns 19 through 21

    28   -31   -51

round :2
packetLen:75, data: 
round_sensing_data =

  Columns 1 through 18

   113    53   -42    -9    29    20   -24    -5    -4    -2    16     7   -23    23   -38   -27   -67   -53

  Columns 19 through 21

    27   -32   -50

round :2
packetLen:75, data: 
round_sensing_data =

  Columns 1 through 18

   112    54   -41    -9    30    21   -23    -2    -5    -2    17    10   -21    23   -40   -24   -66   -52

  Columns 19 through 21

    30   -30   -48

round :2
packetLen:75, data: 
round_sensing_data =

  Columns 1 through 18

   113    53   -41   -10    29    20   -25     0    -6    -3    15    10   -23    22   -40   -25   -67   -53

  Columns 19 through 21

    32   -32   -49

round :2
packetLen:85, data: 
round_sensing_data =

  Columns 1 through 18

   113    52   -41   -11    29    19   -26     2    -6    -5    15     9   -26    23   -39   -26   -67   -53

  Columns 19 through 21

    31   -32   -48

round :2
packetLen:85, data: 
round_sensing_data =

